{
  "records": [
    {
      "image_path": "hand_eye_calibration_images\\1.jpg",
      "pose_matrix": [
        [
          -0.8311221855416254,
          -0.48660861157742485,
          -0.26916160914811527,
          0.182
        ],
        [
          0.28326084778108684,
          0.04606416825066861,
          -0.9579360023079382,
          -0.1653
        ],
        [
          0.47853861371351414,
          -0.8724048094445978,
          0.09955221566134609,
          -0.0028
        ],
        [
          0.0,
          0.0,
          0.0,
          1.0
        ]
      ]
    },
    {
      "image_path": "hand_eye_calibration_images\\2.jpg",
      "pose_matrix": [
        [
          -0.495236545755991,
          -0.6498516788414056,
          -0.5765705154225982,
          0.1457
        ],
        [
          0.6942960306849636,
          0.10286995025111967,
          -0.7122996526114806,
          -0.21869999999999998
        ],
        [
          0.5222009053255059,
          -0.7530674397703956,
          0.4002444823290926,
          0.1133
        ],
        [
          0.0,
          0.0,
          0.0,
          1.0
        ]
      ]
    },
    {
      "image_path": "hand_eye_calibration_images\\3.jpg",
      "pose_matrix": [
        [
          -0.8016675599662515,
          -0.5842084934326662,
          -0.12660789666877495,
          0.0969
        ],
        [
          0.14973838936219283,
          0.008789874067288955,
          -0.9886865796930278,
          -0.167
        ],
        [
          0.5787119646672023,
          -0.8115560204416057,
          0.08043188196238651,
          0.1347
        ],
        [
          0.0,
          0.0,
          0.0,
          1.0
        ]
      ]
    },
    {
      "image_path": "hand_eye_calibration_images\\4.jpg",
      "pose_matrix": [
        [
          -0.773863237840581,
          -0.6308228653209322,
          -0.056552645448127936,
          0.0854
        ],
        [
          0.16068198927250588,
          -0.10917580577483664,
          -0.9809495102995086,
          -0.1591
        ],
        [
          0.6126312001868033,
          -0.7682077557677379,
          0.1858490154291189,
          0.1161
        ],
        [
          0.0,
          0.0,
          0.0,
          1.0
        ]
      ]
    },
    {
      "image_path": "hand_eye_calibration_images\\5.jpg",
      "pose_matrix": [
        [
          -0.15143683989082124,
          0.7538312067927976,
          0.6393789136257128,
          -0.19669999999999999
        ],
        [
          -0.712454316634625,
          0.36513296416480756,
          -0.5992384877399908,
          -0.1365
        ],
        [
          -0.6851829903263592,
          -0.5462750499020947,
          0.48177571506033023,
          0.0599
        ],
        [
          0.0,
          0.0,
          0.0,
          1.0
        ]
      ]
    },
    {
      "image_path": "hand_eye_calibration_images\\6.jpg",
      "pose_matrix": [
        [
          -0.5710279197098285,
          0.8208758899677404,
          0.009480937798324374,
          0.1343
        ],
        [
          -0.085748293833248,
          -0.04815550368610315,
          -0.9951523891190859,
          -0.1192
        ],
        [
          -0.8164400437365579,
          -0.5690727727930829,
          0.09788684410603728,
          0.256
        ],
        [
          0.0,
          0.0,
          0.0,
          1.0
        ]
      ]
    },
    {
      "image_path": "hand_eye_calibration_images\\7.jpg",
      "pose_matrix": [
        [
          -0.8031787004326637,
          -0.4739210928173702,
          -0.36097475390127626,
          0.166
        ],
        [
          0.45275264567904056,
          -0.0917715757222534,
          -0.8869007947454348,
          -0.1603
        ],
        [
          0.38719377190487786,
          -0.8757721025884784,
          0.2882780035414238,
          0.0235
        ],
        [
          0.0,
          0.0,
          0.0,
          1.0
        ]
      ]
    },
    {
      "image_path": "hand_eye_calibration_images\\8.jpg",
      "pose_matrix": [
        [
          0.7971740663706673,
          0.6031783835681332,
          0.026255389964516984,
          0.053399999999999996
        ],
        [
          -0.046523172784036726,
          0.10472770902328044,
          -0.9934121507998791,
          -0.1077
        ],
        [
          -0.6019544021769103,
          0.7907009197913387,
          0.11154798582210868,
          0.3093
        ],
        [
          0.0,
          0.0,
          0.0,
          1.0
        ]
      ]
    },
    {
      "image_path": "hand_eye_calibration_images\\9.jpg",
      "pose_matrix": [
        [
          -0.6756067500891353,
          0.7104630372666068,
          -0.1969715510217267,
          0.1829
        ],
        [
          0.13831353634474836,
          -0.14028307420903566,
          -0.9804029909961884,
          -0.1544
        ],
        [
          -0.7241718614374675,
          -0.6896107103057276,
          -0.0034904632676955524,
          0.2071
        ],
        [
          0.0,
          0.0,
          0.0,
          1.0
        ]
      ]
    },
    {
      "image_path": "hand_eye_calibration_images\\10.jpg",
      "pose_matrix": [
        [
          -0.6816213141921372,
          0.7317040338979655,
          0.0012612757147555387,
          0.13390000000000002
        ],
        [
          0.11039856312142521,
          0.10454585696044463,
          -0.9883735736315145,
          -0.06559999999999999
        ],
        [
          -0.7233287919747895,
          -0.6735572511448831,
          -0.15203975838720743,
          0.3357
        ],
        [
          0.0,
          0.0,
          0.0,
          1.0
        ]
      ]
    },
    {
      "image_path": "hand_eye_calibration_images\\11.jpg",
      "pose_matrix": [
        [
          0.19914680696823917,
          -0.9769754179856005,
          -0.07654790608642287,
          -0.049
        ],
        [
          -0.36862180615911,
          -0.0023058038978368556,
          -0.9295765957103157,
          -0.1253
        ],
        [
          0.9079969786834923,
          0.21333943826739027,
          -0.3605936366346527,
          0.3797
        ],
        [
          0.0,
          0.0,
          0.0,
          1.0
        ]
      ]
    },
    {
      "image_path": "hand_eye_calibration_images\\12.jpg",
      "pose_matrix": [
        [
          0.5056760554626192,
          -0.8345754747296303,
          0.21857608266134254,
          -0.1717
        ],
        [
          0.38452500784438115,
          -0.0087668272946278,
          -0.9230729446156813,
          -0.2204
        ],
        [
          0.7722902597301383,
          0.5508238554374694,
          0.3164819663218698,
          0.17809999999999998
        ],
        [
          0.0,
          0.0,
          0.0,
          1.0
        ]
      ]
    },
    {
      "image_path": "hand_eye_calibration_images\\13.jpg",
      "pose_matrix": [
        [
          -0.46526993249658266,
          0.877072236344832,
          -0.11944949622204487,
          0.1774
        ],
        [
          0.0578699706285824,
          -0.10451686602465973,
          -0.9928379984749929,
          -0.1261
        ],
        [
          -0.8832751306439415,
          -0.468850207368471,
          -0.002127589356372722,
          0.26830000000000004
        ],
        [
          0.0,
          0.0,
          0.0,
          1.0
        ]
      ]
    },
    {
      "image_path": "hand_eye_calibration_images\\14.jpg",
      "pose_matrix": [
        [
          0.4694514799072571,
          -0.8321287903864129,
          0.2952574880048455,
          -0.21209999999999998
        ],
        [
          0.4073692430578958,
          -0.09255707752323017,
          -0.9085612181965483,
          -0.10479999999999999
        ],
        [
          0.7833681176964782,
          0.5468042278644196,
          0.29553261844722434,
          0.10909999999999999
        ],
        [
          0.0,
          0.0,
          0.0,
          1.0
        ]
      ]
    },
    {
      "image_path": "hand_eye_calibration_images\\15.jpg",
      "pose_matrix": [
        [
          0.8268204540980166,
          0.4395866204862621,
          -0.35090103985969745,
          0.121
        ],
        [
          -0.5608524427114,
          0.597114929450235,
          -0.5734965549437043,
          -0.221
        ],
        [
          -0.0425731627883795,
          0.6709823873374832,
          0.7402500669997175,
          0.041
        ],
        [
          0.0,
          0.0,
          0.0,
          1.0
        ]
      ]
    },
    {
      "image_path": "hand_eye_calibration_images\\16.jpg",
      "pose_matrix": [
        [
          0.2664627463121798,
          0.9380024305966144,
          0.2216958389835374,
          -0.0782
        ],
        [
          -0.4480615603373049,
          0.32419679637154086,
          -0.8331490115042621,
          -0.1313
        ],
        [
          -0.8533688786075283,
          0.122669790157452,
          0.5066692013600749,
          0.1001
        ],
        [
          0.0,
          0.0,
          0.0,
          1.0
        ]
      ]
    },
    {
      "image_path": "hand_eye_calibration_images\\17.jpg",
      "pose_matrix": [
        [
          0.713102811311833,
          0.46186521174968453,
          0.527413411542198,
          -0.24380000000000002
        ],
        [
          0.1518348671152686,
          0.6327043032787413,
          -0.7593625206320441,
          -0.0778
        ],
        [
          -0.6844198664761636,
          0.6215832935238704,
          0.3810559743459862,
          0.1751
        ],
        [
          0.0,
          0.0,
          0.0,
          1.0
        ]
      ]
    },
    {
      "image_path": "hand_eye_calibration_images\\18.jpg",
      "pose_matrix": [
        [
          -0.6604707234318221,
          0.7255966629679015,
          -0.19310076690497896,
          0.196
        ],
        [
          -0.18043656546914166,
          -0.40301810004744393,
          -0.8972285421651769,
          0.0603
        ],
        [
          -0.7288491403103565,
          -0.5577507451577217,
          0.39710582587625226,
          0.09509999999999999
        ],
        [
          0.0,
          0.0,
          0.0,
          1.0
        ]
      ]
    }
  ]
}