{
  "records": [
    {
      "image_path": "hand_eye_calibration_images\\1.jpg",
      "pose_matrix": [
        [
          -0.302026433213271,
          0.24504636648200942,
          0.9212666888118956,
          0.1785
        ],
        [
          -0.35538223355705434,
          -0.9256772426611278,
          0.12971164362265492,
          -0.0083
        ],
        [
          0.8845809752150838,
          -0.2882254685021018,
          0.36666412095305295,
          0.2491
        ],
        [
          0.0,
          0.0,
          0.0,
          1.0
        ]
      ]
    },
    {
      "image_path": "hand_eye_calibration_images\\2.jpg",
      "pose_matrix": [
        [
          -0.03429464579916067,
          0.3588725730413908,
          0.9327563205833355,
          0.1427
        ],
        [
          -0.8689908404905387,
          -0.4716940629421468,
          0.14953136837693148,
          -0.0844
        ],
        [
          0.4936383255107505,
          -0.8054285736822242,
          0.3280335596904082,
          0.2645
        ],
        [
          0.0,
          0.0,
          0.0,
          1.0
        ]
      ]
    },
    {
      "image_path": "hand_eye_calibration_images\\3.jpg",
      "pose_matrix": [
        [
          0.20278709768440792,
          -0.041288491362410806,
          0.9783520089894795,
          0.0937
        ],
        [
          -0.9792218560992778,
          -0.007125797345571505,
          0.20266667103812402,
          -0.1465
        ],
        [
          -0.001396262947914284,
          -0.9991218561783173,
          -0.04187561290983455,
          0.26030000000000003
        ],
        [
          0.0,
          0.0,
          0.0,
          1.0
        ]
      ]
    },
    {
      "image_path": "hand_eye_calibration_images\\4.jpg",
      "pose_matrix": [
        [
          -0.19339631340857938,
          0.06413486835627641,
          0.9790222595124654,
          0.1648
        ],
        [
          -0.8810832311336185,
          -0.45033102602527514,
          -0.14454863131197415,
          0.0632
        ],
        [
          0.4316134911875584,
          -0.8905552681669711,
          0.1436005172864685,
          0.247
        ],
        [
          0.0,
          0.0,
          0.0,
          1.0
        ]
      ]
    },
    {
      "image_path": "hand_eye_calibration_images\\5.jpg",
      "pose_matrix": [
        [
          0.19034561729514612,
          0.41371558742950154,
          0.8902853243170934,
          0.1697
        ],
        [
          -0.9810715497434774,
          0.11304582793226448,
          0.1572235830625937,
          -0.1743
        ],
        [
          -0.03559719455885835,
          -0.9033604228130494,
          0.4274023704129019,
          0.0841
        ],
        [
          0.0,
          0.0,
          0.0,
          1.0
        ]
      ]
    },
    {
      "image_path": "hand_eye_calibration_images\\6.jpg",
      "pose_matrix": [
        [
          0.23461318396328557,
          0.104249974585929,
          0.9664825899670635,
          0.1381
        ],
        [
          0.7085749520490263,
          0.6623105747991453,
          -0.24344658518440124,
          0.1724
        ],
        [
          -0.6654909400129574,
          0.7419411333172323,
          0.08151787198284444,
          0.2083
        ],
        [
          0.0,
          0.0,
          0.0,
          1.0
        ]
      ]
    },
    {
      "image_path": "hand_eye_calibration_images\\7.jpg",
      "pose_matrix": [
        [
          -0.20841760282839072,
          -0.3234685278537837,
          0.9230006578109102,
          0.18180000000000002
        ],
        [
          0.930880313194985,
          0.22390632539874045,
          0.2886655503388654,
          -0.0013
        ],
        [
          -0.3000399062412762,
          0.9193661234429618,
          0.25444446491953177,
          0.234
        ],
        [
          0.0,
          0.0,
          0.0,
          1.0
        ]
      ]
    },
    {
      "image_path": "hand_eye_calibration_images\\8.jpg",
      "pose_matrix": [
        [
          0.1685399753921027,
          0.12263410892231003,
          0.97803637561374,
          0.045700000000000005
        ],
        [
          -0.9338998679019879,
          -0.2975416181057754,
          0.19824233207780617,
          -0.0876
        ],
        [
          0.31531779751146244,
          -0.9467997997590771,
          0.06438032112914954,
          0.3357
        ],
        [
          0.0,
          0.0,
          0.0,
          1.0
        ]
      ]
    },
    {
      "image_path": "hand_eye_calibration_images\\9.jpg",
      "pose_matrix": [
        [
          0.5617513446564075,
          -0.03365912540859056,
          0.826621128482358,
          0.1169
        ],
        [
          -0.6156276487023802,
          0.6504686825767767,
          0.4448517631076799,
          -0.22269999999999998
        ],
        [
          -0.5526644777167219,
          -0.758786897793815,
          0.34468016886171704,
          0.1158
        ],
        [
          0.0,
          0.0,
          0.0,
          1.0
        ]
      ]
    },
    {
      "image_path": "hand_eye_calibration_images\\10.jpg",
      "pose_matrix": [
        [
          -0.008179216702251413,
          0.2363938910529672,
          0.9716228839868768,
          0.1854
        ],
        [
          -0.9970725217928456,
          -0.07579855112272604,
          0.010048180599054712,
          0.0319
        ],
        [
          0.07602293535370325,
          -0.9686962929218494,
          0.23632182586395456,
          0.2631
        ],
        [
          0.0,
          0.0,
          0.0,
          1.0
        ]
      ]
    },
    {
      "image_path": "hand_eye_calibration_images\\11.jpg",
      "pose_matrix": [
        [
          0.32392795286862297,
          0.06554345294896385,
          0.9438086337419626,
          0.0885
        ],
        [
          -0.94342879336339,
          -0.05227788185241283,
          0.3274280606819198,
          -0.13390000000000002
        ],
        [
          0.07080108193552548,
          -0.9964793419055671,
          0.04490131347975124,
          0.2606
        ],
        [
          0.0,
          0.0,
          0.0,
          1.0
        ]
      ]
    },
    {
      "image_path": "hand_eye_calibration_images\\12.jpg",
      "pose_matrix": [
        [
          0.23844360097264877,
          -0.05905344863004547,
          0.9693592416437238,
          0.168
        ],
        [
          0.6442512224089006,
          0.7565114798511368,
          -0.11238657961732312,
          0.0475
        ],
        [
          -0.7266945792971309,
          0.6513087371272877,
          0.2184305779002204,
          0.2524
        ],
        [
          0.0,
          0.0,
          0.0,
          1.0
        ]
      ]
    },
    {
      "image_path": "hand_eye_calibration_images\\13.jpg",
      "pose_matrix": [
        [
          0.13133552497113815,
          0.3641113788488588,
          0.9220487425691435,
          0.17830000000000001
        ],
        [
          -0.9856261598717861,
          0.1476610529725571,
          0.08208097472272241,
          -0.0158
        ],
        [
          -0.10626407133623328,
          -0.9195755092583853,
          0.3782708420103636,
          0.2332
        ],
        [
          0.0,
          0.0,
          0.0,
          1.0
        ]
      ]
    },
    {
      "image_path": "hand_eye_calibration_images\\14.jpg",
      "pose_matrix": [
        [
          -0.5501074656060545,
          0.14378086331976592,
          0.822623145570015,
          0.0577
        ],
        [
          -0.8317523934492812,
          -0.1823682373200337,
          -0.5243374695824967,
          0.1596
        ],
        [
          0.07463063898879224,
          -0.9726607267489555,
          0.21991220603758654,
          0.22619999999999998
        ],
        [
          0.0,
          0.0,
          0.0,
          1.0
        ]
      ]
    },
    {
      "image_path": "hand_eye_calibration_images\\15.jpg",
      "pose_matrix": [
        [
          -0.018614837738638146,
          0.3659582675785831,
          0.930445073181027,
          0.1976
        ],
        [
          -0.9874308504071057,
          -0.15281442079838126,
          0.04034933035820598,
          -0.0335
        ],
        [
          0.1569515959787111,
          -0.9179990736307623,
          0.3642030990159172,
          0.2349
        ],
        [
          0.0,
          0.0,
          0.0,
          1.0
        ]
      ]
    },
    {
      "image_path": "hand_eye_calibration_images\\16.jpg",
      "pose_matrix": [
        [
          -0.34458392044819697,
          -0.4653066626698964,
          0.8153230227606445,
          0.233
        ],
        [
          0.9380670574070861,
          -0.20392878315234278,
          0.28007721651290357,
          -0.1194
        ],
        [
          0.03594603700217497,
          0.8613377740915631,
          0.5067594314335258,
          0.197
        ],
        [
          0.0,
          0.0,
          0.0,
          1.0
        ]
      ]
    },
    {
      "image_path": "hand_eye_calibration_images\\17.jpg",
      "pose_matrix": [
        [
          -0.37403597618622675,
          -0.2635735047378552,
          0.8891715785598528,
          0.181
        ],
        [
          0.9197576866974682,
          -0.22836832292634665,
          0.31920793668818803,
          -0.028
        ],
        [
          0.1189238675764408,
          0.9372176463789038,
          0.32784172558820135,
          0.2542
        ],
        [
          0.0,
          0.0,
          0.0,
          1.0
        ]
      ]
    }
  ]
}