{
  "records": [
    {
      "image_path": "hand_eye_calibration_images\\1.jpg",
      "pose_matrix": [
        [
          -0.027206007413585837,
          -0.19136107152453646,
          0.9811425856956741,
          0.0589
        ],
        [
          -0.998977049674703,
          -0.03026087118621215,
          -0.03360258767234642,
          -0.0649
        ],
        [
          0.036120456584021354,
          -0.9810531178178035,
          -0.19034204116833764,
          0.4108
        ],
        [
          0.0,
          0.0,
          0.0,
          1.0
        ]
      ]
    },
    {
      "image_path": "hand_eye_calibration_images\\2.jpg",
      "pose_matrix": [
        [
          0.1253288578724352,
          -0.16712712535244928,
          0.977937217491909,
          0.12129999999999999
        ],
        [
          -0.6204440286526489,
          0.7559698926920725,
          0.208707279826093,
          -0.054
        ],
        [
          -0.7741717410844067,
          -0.6329123520003088,
          -0.008948183713765101,
          0.2452
        ],
        [
          0.0,
          0.0,
          0.0,
          1.0
        ]
      ]
    },
    {
      "image_path": "hand_eye_calibration_images\\3.jpg",
      "pose_matrix": [
        [
          0.2892603484805314,
          0.15464160610905725,
          0.9446768889186044,
          0.2003
        ],
        [
          -0.6602053916733781,
          0.7468229716216899,
          0.07990175131716776,
          -0.0202
        ],
        [
          -0.6931502662499116,
          -0.6467931838835039,
          0.3181214951547864,
          0.1144
        ],
        [
          0.0,
          0.0,
          0.0,
          1.0
        ]
      ]
    },
    {
      "image_path": "hand_eye_calibration_images\\4.jpg",
      "pose_matrix": [
        [
          -0.19420832936116356,
          0.5864104735842163,
          0.7863878694877491,
          0.09040000000000001
        ],
        [
          -0.7697631967872133,
          0.40581911253566566,
          -0.4927225068663851,
          0.2006
        ],
        [
          -0.6080688659014504,
          -0.7010232552287406,
          0.37258374890730833,
          0.1189
        ],
        [
          0.0,
          0.0,
          0.0,
          1.0
        ]
      ]
    },
    {
      "image_path": "hand_eye_calibration_images\\5.jpg",
      "pose_matrix": [
        [
          -0.24632835797432262,
          0.3889459172059376,
          0.8877180935108316,
          0.0804
        ],
        [
          -0.6124521409526811,
          0.6474139971906088,
          -0.45360499477425886,
          0.1974
        ],
        [
          -0.7511489300399429,
          -0.6554206204648356,
          0.0787343328500254,
          0.2381
        ],
        [
          0.0,
          0.0,
          0.0,
          1.0
        ]
      ]
    },
    {
      "image_path": "hand_eye_calibration_images\\6.jpg",
      "pose_matrix": [
        [
          0.11532121063611012,
          -0.01258410640379315,
          0.9932485382035252,
          0.0868
        ],
        [
          0.6289540966011335,
          0.7748687381580128,
          -0.06320745995577398,
          0.2007
        ],
        [
          -0.7688418320734596,
          0.6319968978495281,
          0.09727362624318736,
          0.3328
        ],
        [
          0.0,
          0.0,
          0.0,
          1.0
        ]
      ]
    },
    {
      "image_path": "hand_eye_calibration_images\\7.jpg",
      "pose_matrix": [
        [
          -0.15809957399249003,
          0.3589446681254186,
          0.9198713224835995,
          0.1687
        ],
        [
          -0.23412773111551508,
          -0.9186486456223685,
          0.3182277037262614,
          -0.2209
        ],
        [
          0.9592646820487525,
          -0.16505572125958323,
          0.22927686026589017,
          0.24769999999999998
        ],
        [
          0.0,
          0.0,
          0.0,
          1.0
        ]
      ]
    },
    {
      "image_path": "hand_eye_calibration_images\\8.jpg",
      "pose_matrix": [
        [
          0.1196218225636986,
          0.01885694171546931,
          0.9926404360671987,
          0.0978
        ],
        [
          -0.7863208021113179,
          -0.6086013990202787,
          0.10631995709918785,
          -0.126
        ],
        [
          0.6061272273488071,
          -0.7932520109395871,
          -0.05797440303054832,
          0.3469
        ],
        [
          0.0,
          0.0,
          0.0,
          1.0
        ]
      ]
    },
    {
      "image_path": "hand_eye_calibration_images\\9.jpg",
      "pose_matrix": [
        [
          -0.0887434573275086,
          0.41398008828102506,
          0.9059498249287292,
          0.09359999999999999
        ],
        [
          -0.5806188202051327,
          -0.7605277720191139,
          0.2906532188214028,
          -0.21980000000000002
        ],
        [
          0.8093246471010012,
          -0.5002179469935851,
          0.30785649432870893,
          0.15819999999999998
        ],
        [
          0.0,
          0.0,
          0.0,
          1.0
        ]
      ]
    },
    {
      "image_path": "hand_eye_calibration_images\\10.jpg",
      "pose_matrix": [
        [
          -0.10881217184433062,
          -0.62668309033924,
          0.7716399520121935,
          0.0221
        ],
        [
          0.5725848548168926,
          -0.6740546583149174,
          -0.4666871560674007,
          0.2093
        ],
        [
          0.812592453381668,
          0.39104810687026764,
          0.4321745976111295,
          0.2582
        ],
        [
          0.0,
          0.0,
          0.0,
          1.0
        ]
      ]
    },
    {
      "image_path": "hand_eye_calibration_images\\11.jpg",
      "pose_matrix": [
        [
          0.38098000364658485,
          -0.11250428115719058,
          0.9177129309009175,
          0.19090000000000001
        ],
        [
          -0.8666634437788471,
          0.3023310038226064,
          0.3968506511837982,
          -0.1742
        ],
        [
          -0.3221004688584568,
          -0.9465404116301213,
          0.017678719191257797,
          0.2514
        ],
        [
          0.0,
          0.0,
          0.0,
          1.0
        ]
      ]
    },
    {
      "image_path": "hand_eye_calibration_images\\12.jpg",
      "pose_matrix": [
        [
          0.04089350482830076,
          -0.10095437192049356,
          0.9940502683732833,
          0.1263
        ],
        [
          -0.7157433482922788,
          -0.6971378255166756,
          -0.04135591383634396,
          -0.0634
        ],
        [
          0.6971651028545647,
          -0.7097936791941867,
          -0.1007658292168753,
          0.3807
        ],
        [
          0.0,
          0.0,
          0.0,
          1.0
        ]
      ]
    },
    {
      "image_path": "hand_eye_calibration_images\\13.jpg",
      "pose_matrix": [
        [
          0.044481721438377586,
          0.21023440532458965,
          0.9766385571313958,
          0.0833
        ],
        [
          -0.9362867747818788,
          -0.33217060338943777,
          0.11414799872290365,
          -0.1056
        ],
        [
          0.3484084554462272,
          -0.9194912642661228,
          0.18206417305955958,
          0.2352
        ],
        [
          0.0,
          0.0,
          0.0,
          1.0
        ]
      ]
    },
    {
      "image_path": "hand_eye_calibration_images\\14.jpg",
      "pose_matrix": [
        [
          0.42502101797355873,
          -0.286515167050513,
          0.8586420635694112,
          0.19640000000000002
        ],
        [
          0.618640700629814,
          0.7844141711366484,
          -0.04447574220019046,
          0.16340000000000002
        ],
        [
          -0.6607880278916778,
          0.5500940530218643,
          0.5106424532145811,
          0.1589
        ],
        [
          0.0,
          0.0,
          0.0,
          1.0
        ]
      ]
    },
    {
      "image_path": "hand_eye_calibration_images\\15.jpg",
      "pose_matrix": [
        [
          0.03927154912750924,
          0.2697315990841853,
          0.9621344032330484,
          0.1253
        ],
        [
          -0.19406584039402833,
          0.9466017785026897,
          -0.2574558652035428,
          0.1746
        ],
        [
          -0.9802021194739815,
          -0.17660673087692214,
          0.08952020770575347,
          0.2471
        ],
        [
          0.0,
          0.0,
          0.0,
          1.0
        ]
      ]
    },
    {
      "image_path": "hand_eye_calibration_images\\16.jpg",
      "pose_matrix": [
        [
          0.04067607214991853,
          0.03749150143006752,
          0.9984687498740131,
          0.1138
        ],
        [
          -0.770996217031711,
          -0.6344401337333814,
          0.05523178460959538,
          -0.0842
        ],
        [
          0.6355393697303465,
          -0.772062241032994,
          0.003099273118878032,
          0.2995
        ],
        [
          0.0,
          0.0,
          0.0,
          1.0
        ]
      ]
    }
  ]
}